0 70
1 65
2 60
3 64
4 67
5 66
6 65
7 61
8 62
9 65
10 69
11 64
12 62
13 66
14 67
15 69
16 64
17 63
18 67
19 68
20 65
21 64
22 64
23 65
24 68
25 68
26 63
27 65
28 69
29 70
30 68
31 63
32 66
33 70
34 67
35 64
36 63
37 67
38 68
39 69
40 65
41 66
42 70
43 68
44 67
45 65
46 66
47 71
48 67
49 64
50 65
51 66
52 70
53 69
54 66
55 66
56 71
57 69
58 65
59 64
60 66
61 71
62 68
63 64
64 67
65 70
66 71
67 67
68 66
69 67
70 71
71 68
72 66
73 70
74 71
75 73
76 68
77 67
78 71
79 72
80 69
81 68
82 70
83 71
84 72
85 68
86 69
87 73
88 69
89 68
90 66
91 71
92 70
93 66
94 69
95 72
96 73
97 67
98 66
99 69
100 71
101 68
102 72
103 68
104 67
105 69
106 70
107 69
108 71
109 68
110 69
111 70
112 68
113 67
114 70
115 68
116 71
117 67
118 71
119 72
120 70
121 69
122 68
123 70
124 69
125 66
126 65
127 71
128 72
129 69
130 67
131 70
132 66
133 70
134 71
135 69
136 68
137 67
138 69
139 68
140 67
141 68
142 66
143 65
144 68
145 68
146 69
147 67
148 69
149 70
150 68
151 69
152 66
153 70
154 67
155 68
156 69
157 67
158 68
159 69
160 67
161 68
162 68
163 68
164 67
165 65
166 70
167 65
168 69
169 68
170 65
171 64
172 70
173 71
174 68
175 66
176 69
177 65
178 69
179 70
180 70
181 65
182 70
183 68
184 65
185 68
186 69
187 67
188 66
189 67
190 71
191 66
192 68
193 70
194 69
195 67
196 68
197 69
198 65
199 68
200 71
201 72
202 66
203 65
204 68
205 70
206 65
207 67
208 71
209 72
210 74
211 71
212 66
213 62
214 63
215 66
216 67
217 73
218 74
219 77
220 79
221 74
222 70
223 74
224 75
225 77
226 82
227 83
228 79
229 78
230 81
231 82
232 88
233 89